0.110107726947
0.9999987078
0.999950653498
0.999997403987
0.0140209565133
0.999999415998
0.999999999906
0.998563557134
0.999999998997
0.00224437663023
5.22948226061e-06
4.2572944947e-06
0.999998245128
0.999996409318
0.999999342095
0.999999926305
0.978961531461
0.999999999995
5.39203772182e-06
0.590100474464
0.999996785193
0.999998324325
0.182653042052
0.999998406895
0.956124491954
5.6016128947e-07
0.546381181074
0.999703569435
0.55234484222
0.999999996746
0.999178976658
0.999891432049
0.999999999999
1.0
0.779160492197
0.999999999885
0.00117814486454
0.999504982518
0.999999407022
0.999973968439
5.23904240055e-07
0.999972075437
0.00238167333996
0.999965357308
0.999666494292
0.999997770205
0.99999882676
0.929377668744
1.0
2.47742549423e-07
0.999984074299
0.926021986885
0.901609837943
0.999976236945
0.00314236846782
0.510239430699
0.0240395971919
0.922044655164
0.863759309822
0.791689737452
0.179668481741
0.999999999343
0.999999996377
0.996722036969
0.206659047645
0.999999999197
6.31800640209e-05
0.999999999938
0.999999999983
0.756691899779
4.33686971751e-08
0.999784439161
4.05287303331e-07
0.913939735289
0.00114739442932
2.98655957931e-05
0.99999999977
0.00121367594057
0.994665573014
1.08410870328e-08
0.999004323067
0.000168551190813
0.999999999984
0.000106454768389
0.999999064891
0.996037786898
0.980473928056
0.000204609499544
0.120319290932
0.985105804234
0.995560964769
3.78079062924e-06
0.94744911841
0.991344233168
0.999997386969
0.787293544394
0.999999862152
0.0843584303543
0.779127745564
0.0138231637718
0.111464731237
1.03626492159e-06
0.999937260616
0.996955307593
0.999999602145
0.999889147058
0.999622393715
1.0
0.999999999367
0.99999987289
0.999999962273
0.21238166497
0.998914139179
0.362180608696
0.998614651358
0.999998056646
0.314875127146
0.00067107816147
0.999961373432
0.999999901893
1.0
0.999970591641
0.998607903262
0.999999986923
1.61171163415e-06
6.39265619991e-08
0.911132941219
1.43345661359e-05
0.999335733892
0.199594946534
1.18273312598e-06
0.999999987065
0.99999911321
0.999999905633
0.997185814093
0.999999999986
0.129353264032
0.999994491952
0.999990856074
0.999617807638
0.800331006222
0.86008408167
0.999999982833
0.000685794611575
0.999999393669
0.999999959051
0.990894344848
0.999999999946
0.999273916957
0.999996797269
0.000104259079412
0.999999998041
0.99995958775
0.00893777864443
0.419980857142
0.408117280212
0.999999464273
0.999999121992
0.999934137798
0.979852736118
3.44028353127e-06
0.00304764319388
0.999717226819
0.00127976718129
0.906866391363
2.00708883466e-09
0.135816191013
0.00922624343752
0.999729736326
0.996520277958
0.0397342252903
4.9750025299e-07
8.02854866752e-05
0.0214568509139
0.224511967966
1.0
0.999999726287
3.8890502185e-06
0.975363862356
0.999999334761
1.0
0.999999998138
0.999999999773
0.999976441796
0.999896370019
0.999925483221
0.000128933067872
0.999991012369
7.98167519142e-06
0.999999243606
9.01118018368e-05
0.000131367550319
0.999966274366
0.771646415886
0.999995846903
0.00147678661918
0.999999822538
0.961141012382
0.999999947689
0.999992746657
0.984060321285
0.00210008265158
0.401930384755
0.999978292132
0.999775109886
0.998034037802
0.00558024941907
0.101067247307
0.000388952973376
0.0289528500268
0.999998381417
7.54587028606e-06
0.999845147197
0.999999994163
0.780059787046
0.9999999494
0.001731664875
1.0
0.0144060155404
0.927319378494
0.999998982095
0.0927929402249
0.000897365786101
0.00824973572627
1.0
0.999999996246
0.000180762040143
0.233962071505
0.992928691892
0.997304050836
0.195794612603
0.999999308778
0.99999998518
0.0018919244902
0.999841055588
0.99972575581
0.764481399484
0.0957452891001
0.861089064891
0.999999115347
0.995630919614
0.74460797853
0.584777200213
0.00815043497296
0.999818102214
1.17546954639e-05
0.99999999976
0.112193136924
1.47763202066e-08
0.998700433833
0.000107098062059
0.99999999977
0.998583838654
0.48580085131
0.204117228052
7.71496429488e-06
3.34469670087e-07
0.0779990767536
0.999268189614
0.999999730527
0.720903621118
0.996923583078
0.995931595618
0.999995275871
8.49541703139e-08
0.998083415765
0.386983697707
0.999804582235
0.999998935754
0.00582381790482
0.999999999266
0.309290556368
0.894701734889
0.286873071444
0.999626440989
0.0184528535114
0.997933694329
0.999907762663
0.0509595198088
0.999946510321
0.00323126984529
0.999999638552
0.00336774810842
0.999517215736
0.0622613215059
0.00146717977388
0.99999949715
2.95261368015e-05
0.00100548786056
0.000158236588268
0.966746149324
0.997969262432
0.999996759481
0.999999999391
0.999999575431
0.78993428197
0.0197425713471
0.998368573958
0.000338329458949
0.776160957761
2.4091368707e-06
8.51000491362e-07
0.999944655362
3.19163004991e-06
0.999997453844
0.999999963926
0.999999526878
0.999997383144
8.27817299886e-05
0.00284572699324
0.00805919245004
5.20559804653e-09
0.1107116678
3.09887429811e-06
0.99992547086
0.00473444519685
0.999999972655
0.999940962895
0.999999983936
0.999988486077
0.00245746348044
0.980410876281
0.999984997271
0.999999008059
0.997931144319
0.303896189386
0.997603570521
0.996166616526
1.0
0.998822993365
0.99999998629
1.06483199254e-07
0.998792258863
0.999994006039
0.0141714589603
0.000849270564598
0.999999998322
0.00232769498543
0.999999999919
4.02150458707e-06
3.83828848697e-06
0.999999999968
0.999978039446
0.999999995676
0.212864868391
0.000125788492956
0.999983419216
1.58762513853e-05
0.999999628543
0.999953518603
0.845831834374
4.47071113651e-05
9.02357902206e-07
0.901931557541
0.000562315938341
0.999965937731
1.0
0.999999999974
0.999947165736
0.897778094908
0.999999319843
0.197731728496
0.229310331384
0.999999999254
0.999999954357
0.122840004597
0.00264453802304
0.999999704953
0.999972547732
1.0
0.0121047576614
0.441804057032
0.106777721424
0.329917488238
0.997866194151
0.495361206778
0.733325810045
0.99927318758
1.0
0.996323378062
0.999978162357
0.999999839346
0.999324957341
0.999999743996
0.894680859333
0.642842150427
0.979228114793
0.999999918727
6.45110281149e-08
0.99471645357
2.4531510458e-06
0.990068678396
0.107875006398
0.779421092037
0.000182370011634
0.0305048288995
0.0151465467493
0.000111973130866
0.000870607496508
0.999998815599
0.854152130802
9.34899131131e-07
0.999486832726
0.99989056263
0.99979541867
0.9999999997
0.97869330828
0.0400080111661
0.999995063524
7.63476641538e-06
1.0
0.00586915450219
0.999999815252
0.986802198842
0.0117062562464
0.00130905860348
0.99996156348
0.999919770614
0.999999999997
0.958093147556
0.203039268036
0.998653625252
0.956494531747
0.999999998141
1.62112951685e-05
0.311578888724
9.66286352224e-06
0.996601171701
0.99999982744
0.99999784659
0.0654083474005
2.86114741818e-10
0.999784774689
0.999999999042
0.999998698858
0.999999999863
0.18431283205
0.000538551765042
0.999999604584
0.987592526718
0.998636805572
0.998855594497
0.00123751221587
3.44441647894e-10
0.00718749622481
0.0921549213613
0.46943824943
0.999978909792
0.0247392168175
0.999999945893
0.999997810349
0.314518195597
0.993916662669
0.999746945241
0.999999482635
0.924441236416
0.999999997423
0.000418824798491
0.999997284509
0.000297453366184
0.999176662557
0.985752422924
6.02194804148e-09
0.999997874349
8.82229629e-05
0.00720890485478
0.999345072743
0.999999606333
0.999999981972
0.994833907565
0.999999663426
0.999995728492
0.999975923397
0.0024231298934
0.999999999799
2.17620866791e-06
0.999854264357
1.35197421993e-05
4.99789203627e-11
0.998700400239
0.360407189399
0.999999999976
0.010151891947
2.07609407117e-06
0.997465202444
0.764409492958
6.33482661334e-08
0.000194996917406
0.999999999999
0.992289560034
0.000415183972518
0.999999992905
8.97452337057e-06
2.68178175969e-13
1.76254266689e-05
0.0901584339378
0.999996379571
0.998437717044
1.50320287686e-07
0.999914636296
1.01339531237e-06
0.0291647261024
0.999999941154
0.98278547516
0.999999726014
8.2400659205e-05
0.767842455285
0.000139932329616
0.0266388588548
5.37691195632e-07
0.994939527301
0.00277900799634
0.174592645568
0.752404047732
2.6473732472e-05
0.999996570402
0.303344636851
0.999998931527
0.00368436414431
0.999606303888
0.0365146519044
0.999999999999
0.00569634201026
1.62690986334e-05
0.999999769364
0.999999999832
0.999999999999
0.999999996778
0.000897676535093
0.96880304422
0.999999993062
0.84662805112
0.999914142117
0.000104562738456
0.0282625567109
0.059685195072
9.6529389062e-05
0.750137020998
0.999704123061
1.0
0.591252883143
0.00382330021367
0.953324504909
0.0103197788596
0.999999988434
0.0252095976049
0.999997608614
0.999997791778
0.0856452394627
0.000175158860217
0.989809602805
0.999999997801
0.00305499265509
0.99999999316
0.999169997119
0.893420660036
0.999999999824
7.26313165341e-09
0.999917295684
0.999850676801
0.233610557219
0.075783788666
0.98495229809
0.000767485472133
0.999937105153
0.0231456596598
0.884274113701
0.0271013380833
0.989905045681
0.999977463653
0.566636049113
0.999999977964
0.00639138194737
0.999514985444
0.000533854133879
0.99975384209
0.00282943162097
0.990380960297
0.951952157835
0.0010257770348
0.0706758465934
0.999989900066
0.99999993027
0.999999994187
0.999999999983
0.00983764948411
9.40674839437e-09
0.00866774788078
0.000950150743562
0.99999995919
1.51112955729e-08
2.32133609649e-05
0.999999995967
0.839796821603
1.0
0.999595380024
1.18945968213e-05
0.165273389682
0.999870205093
2.28678987073e-07
